1000
546 203
396 328
194 129
177 268
451 231
163 268
282 337
219 111
64 139
314 105
325 324
187 227
237 50
453 330
530 443
287 68
407 451
329 175
75 508
156 411
70 258
243 262
499 550
329 395
421 562
200 225
437 165
491 272
66 219
140 193
272 444
334 58
540 145
457 428
58 94
85 153
580 500
85 116
130 521
325 284
318 108
506 565
292 112
227 292
557 106
158 453
417 559
188 223
520 235
318 404
142 497
387 377
527 97
241 534
130 424
191 141
491 453
472 214
534 366
362 478
514 215
468 548
532 229
332 71
361 459
192 492
252 518
191 417
318 179
87 245
467 290
211 182
512 66
559 561
136 571
285 204
469 437
486 523
79 435
441 347
361 220
222 268
281 296
486 570
311 104
492 405
329 166
61 274
54 335
86 515
267 368
531 387
223 585
73 412
81 264
388 479
334 337
481 297
117 539
497 265
177 585
299 82
128 476
471 352
425 262
519 340
399 523
130 589
285 431
94 292
273 123
538 96
313 62
121 588
282 361
207 111
435 417
387 278
118 499
309 344
163 317
583 416
342 97
130 407
256 488
61 282
495 254
589 103
97 253
365 116
404 480
120 114
104 458
502 579
186 449
521 383
172 347
178 552
137 172
351 265
529 311
382 391
349 521
213 230
424 333
231 462
183 242
536 280
247 519
361 480
192 147
271 404
564 274
159 197
125 86
563 521
499 150
183 143
147 326
361 180
295 321
205 449
267 109
250 527
408 495
355 215
408 467
123 431
89 574
423 125
412 65
154 387
367 306
560 83
109 442
183 517
207 231
235 467
539 418
186 504
73 229
386 227
328 398
163 81
77 348
103 169
499 286
365 279
217 414
132 558
146 217
468 562
362 435
57 227
281 252
489 268
438 516
101 232
276 523
109 565
193 528
56 357
388 63
68 517
462 553
299 174
336 225
408 453
358 420
462 490
390 533
396 421
456 432
328 580
235 182
52 291
355 163
414 214
211 160
224 348
416 136
361 325
549 365
528 262
157 244
471 453
110 216
225 257
181 231
497 552
331 85
332 330
550 58
416 223
407 244
291 247
246 163
123 303
221 121
468 141
501 116
472 587
308 195
230 189
535 207
82 576
260 268
67 381
401 80
371 540
545 355
451 510
549 273
257 543
142 518
85 110
359 406
101 265
209 342
72 405
425 276
284 250
211 312
584 574
146 338
499 191
346 524
192 196
261 559
87 84
535 283
96 66
172 569
266 451
217 399
222 108
58 563
165 319
120 251
348 287
286 279
447 400
69 491
361 432
263 502
53 246
305 584
466 191
230 268
128 239
95 183
407 343
166 440
182 380
408 470
125 60
261 396
394 305
433 292
594 277
257 431
237 311
395 572
400 70
146 571
138 449
173 159
242 153
469 153
284 225
358 577
73 390
426 590
582 505
240 211
355 534
270 447
578 260
542 145
545 190
90 162
283 434
381 273
483 151
203 291
433 329
58 419
516 277
408 443
482 402
587 491
427 532
266 200
228 322
178 579
207 373
205 143
185 245
344 235
58 202
156 480
351 545
375 75
526 448
527 351
449 148
260 193
200 195
332 347
218 231
94 211
570 221
133 109
173 512
283 320
529 222
434 329
295 156
190 478
207 240
271 377
391 423
180 108
163 62
539 586
510 593
67 424
158 542
507 180
462 315
499 64
214 257
418 276
310 527
494 93
55 450
190 575
556 314
416 196
91 74
543 160
569 294
406 532
205 60
221 350
246 59
66 488
337 257
213 184
55 500
394 232
165 495
581 109
453 88
464 441
176 360
138 437
369 388
91 517
447 483
120 300
356 194
444 592
434 298
287 349
150 281
191 187
277 360
592 123
309 347
129 166
192 376
223 482
518 226
169 546
215 293
334 168
429 143
472 567
101 585
272 204
398 165
340 491
219 548
209 59
392 564
257 150
403 551
158 577
567 558
124 257
179 337
183 454
543 72
354 183
484 75
72 321
124 522
365 76
86 328
312 566
66 159
204 248
86 234
362 475
582 492
596 139
511 64
74 110
578 483
545 197
243 76
171 367
541 533
75 478
235 131
540 288
296 154
241 69
183 531
418 359
307 476
197 588
75 529
406 109
497 305
95 199
380 165
373 587
585 434
304 149
209 480
290 500
548 358
440 406
420 54
523 96
114 235
487 364
475 179
341 61
176 562
578 526
86 391
504 180
378 251
81 346
277 318
200 423
235 293
90 314
139 50
286 492
379 595
135 194
275 58
161 455
142 292
570 243
499 360
464 207
450 310
78 219
569 226
415 393
85 113
178 231
139 77
519 175
326 135
197 87
305 359
501 369
139 223
254 582
344 553
521 472
426 479
460 426
569 116
519 202
229 338
159 212
477 526
365 114
370 444
513 413
213 427
498 140
405 305
130 396
568 430
98 129
188 303
402 257
214 142
203 259
212 591
454 564
250 339
489 209
454 190
262 497
89 157
309 596
577 370
71 313
583 172
230 396
290 79
73 223
174 158
496 277
291 303
250 218
569 531
486 115
413 517
539 428
217 198
89 81
591 403
276 440
121 486
273 90
410 107
323 221
316 315
84 345
290 581
256 382
504 140
76 95
480 552
497 115
230 399
229 142
587 589
229 368
478 106
206 401
80 210
404 511
258 315
396 147
482 244
187 232
539 303
173 501
376 230
557 165
586 207
456 61
475 230
230 323
136 313
463 234
425 451
352 343
332 161
434 215
205 399
229 583
261 593
200 334
465 325
588 297
145 90
412 470
350 393
86 77
134 122
61 219
377 550
404 137
547 427
218 265
393 391
557 236
574 470
396 479
80 493
455 408
322 216
138 385
89 479
589 535
125 407
130 132
388 60
255 308
238 113
383 87
156 373
501 350
130 225
492 477
594 203
593 238
264 250
494 211
461 68
98 118
434 279
190 582
311 474
444 563
264 137
290 564
159 417
301 545
311 384
305 460
583 162
538 518
410 488
465 188
163 94
444 219
64 314
249 474
232 515
89 252
378 525
262 506
510 79
129 443
545 545
496 126
360 234
131 322
337 268
222 420
58 306
450 220
290 120
549 441
217 424
362 392
345 102
132 107
497 82
58 381
408 71
240 214
194 367
456 426
233 524
186 561
343 266
244 121
125 91
265 439
126 284
275 171
232 154
378 308
152 73
422 305
260 438
61 583
116 285
75 520
261 172
258 290
287 398
99 129
455 60
579 455
413 216
304 173
392 118
579 90
586 198
324 209
152 477
351 502
254 257
55 436
66 342
227 551
76 582
480 430
104 298
450 142
91 563
489 94
184 484
240 594
302 581
531 113
445 99
188 406
97 194
471 247
55 192
438 121
585 350
147 407
235 198
583 337
344 231
167 185
585 306
368 367
66 57
183 82
408 164
155 574
444 123
383 507
423 252
136 495
175 417
105 431
387 430
409 154
595 243
365 263
528 53
418 387
422 154
230 594
59 406
310 470
244 170
560 161
412 125
510 142
145 269
60 217
251 534
577 232
245 79
83 214
396 488
95 440
302 592
134 319
71 139
486 365
157 232
236 266
467 297
338 520
329 273
168 309
590 250
186 485
173 595
398 576
372 145
124 353
124 169
456 417
587 241
120 55
380 291
110 69
347 360
362 545
337 160
482 173
370 383
447 102
455 246
196 73
337 506
589 62
157 480
192 347
437 518
529 138
202 162
526 348
189 167
187 410
282 449
288 261
259 548
580 337
318 403
558 391
94 96
314 470
298 97
508 464
217 65
157 416
228 394
567 257
454 149
509 338
108 383
388 485
267 378
400 206
497 451
78 83
557 188
93 155
445 105
100 142
256 320
242 267
341 469
83 461
577 372
480 219
491 270
332 308
305 426
252 517
294 352
564 362
583 124
456 89
351 461
409 398
98 417
132 384
190 171
193 395
344 535
225 174
568 456
189 337
452 381
447 68
449 179
444 500
352 476
280 267
63 590
160 165
560 131
170 124
187 545
168 184
283 454
222 356
176 440
391 177
531 168
234 567
64 390
545 516
569 228
82 311
487 522
381 350
424 110
210 487
335 115
199 504
263 313
382 592
553 138
374 509
135 153
333 491
406 190
151 220
182 251
151 556
512 453
293 357
123 469
528 115
279 500
438 466
566 327
353 348
58 550
559 481
450 169
226 383
239 486
541 284
556 587
354 134
560 240
588 406
69 74
518 134
206 309
280 231
312 463
522 129
433 399
211 228
289 266
155 393
277 507
168 233
525 294
156 289
196 354
502 376
335 544
329 580
81 474
324 191
485 591
121 372
561 461
447 206
425 176
442 343
134 244
178 158
502 335
206 509
202 588
85 554
558 196
390 485
120 227
196 411
539 561
504 282
436 393
269 113
443 546
460 70
509 208
291 140
415 220
128 343
318 411
585 494
556 163
411 415
121 558
135 247
576 81
401 169
336 492
319 159
116 143
116 252
177 64
95 399
501 299
120 497
149 449
142 177
572 60
322 322
579 451
589 481
461 263
90 478
404 172
401 519
497 566
277 225
345 383
367 542
118 61
