105
0 0
100 100
230 88
90 1221
2192019 2102909
2102910 998 
29102909 9090 
943121 38928 
0 10
800 76500
30921030 883131
90212 1221
21019 2109
7100 998 
91909 9090 
45121 38928 
87631 45321
9090 43989
12 78
90 1221
19 21009
2102910 998 
29102909 9090 
943121 38928 
3421 7821
100 9087
230 666
90 7812
5656 2178218
2102910 998 
29102909 9090 
943121 38928 
0 0
100 100
230 88
90 1221
2192019 2102909
2102910 998 
29102909 9090 
943121 38928 
0 0
100 100
230 88
90 1221
2192019 2102909
2102910 998 
29102909 9090 
943121 38928 
0 0
100 100
230 88
90 1221
2192019 2102909
2102910 998 
29102909 9090 
943121 38928 
0 0
100 100
230 88
90 1221
2192019 2102909
2102910 998 
29102909 9090 
943121 38928 
0 0
100 100
230 88
90 1221
2192019 2102909
2102910 998 
29102909 9090 
943121 38928 
0 0
100 100
230 88
90 1221
2192019 2102909
2102910 998 
29102909 9090 
943121 38928 
0 0
100 100
230 88
90 1221
2192019 2102909
2102910 998 
29102909 9090 
943121 38928 
0 0
100 100
230 88
90 1221
2192019 2102909
2102910 998 
29102909 9090 
943121 38928 
0 0
100 100
230 88
90 1221
2192019 2102909
2102910 998 
29102909 9090 
943121 38928 
